# hex col row x0 adv   cell=56x60 base=46 size=44 cols=16
20 0 0 0 9.86
21 1 0 0 14.22
22 2 0 0 20.86
23 3 0 0 24.42
24 4 0 0 24.42
25 5 0 0 40.53
26 6 0 0 29.92
27 7 0 0 12.23
28 8 0 0 14.88
29 9 0 0 14.88
2a 10 0 0 20.55
2b 11 0 0 24.42
2c 12 0 0 12.23
2d 13 0 0 15.27
2e 14 0 0 12.23
2f 15 0 0 17.25
30 0 1 0 24.42
31 1 1 0 24.42
32 2 1 0 24.42
33 3 1 0 24.42
34 4 1 0 24.42
35 5 1 0 24.42
36 6 1 0 24.42
37 7 1 0 24.42
38 8 1 0 24.42
39 9 1 0 24.42
3a 10 1 0 12.23
3b 11 1 0 12.23
3c 12 1 0 24.42
3d 13 1 0 24.42
3e 14 1 0 24.42
3f 15 1 0 20.86
40 0 2 0 41.62
41 1 2 0 26.75
42 2 2 0 28.91
43 3 2 0 28.08
44 4 2 0 30.27
45 5 2 0 25.92
46 6 2 0 24.28
47 7 2 0 30.31
48 8 2 0 32.03
49 9 2 0 12.89
4a 10 2 0 23.55
4b 11 2 0 28.42
4c 12 2 0 23.89
4d 13 2 0 35.73
4e 14 2 0 31.81
4f 15 2 0 32.64
50 0 3 0 27.86
51 1 3 0 32.64
52 2 3 0 27.94
53 3 3 0 26.22
54 4 3 0 26.36
55 5 3 0 31.72
56 6 3 0 25.30
57 7 3 0 38.62
58 8 3 0 25.22
59 9 3 0 23.36
5a 10 3 0 26.53
5b 11 3 0 14.88
5c 12 3 0 17.25
5d 13 3 0 14.88
5e 14 3 0 24.42
5f 15 3 0 24.59
60 0 4 0 26.66
61 1 4 0 24.77
62 2 4 0 27.19
63 3 4 0 22.44
64 4 4 0 27.28
65 5 4 0 24.38
66 6 4 0 14.30
67 7 4 0 24.81
68 8 4 0 26.70
69 9 4 0 12.09
6a 10 4 0 12.09
6b 11 4 0 24.28
6c 12 4 0 12.50
6d 13 4 0 40.75
6e 14 4 0 26.84
6f 15 4 0 26.66
70 0 5 0 27.28
71 1 5 0 27.28
72 2 5 0 17.08
73 3 5 0 20.59
74 4 5 0 16.59
75 5 5 0 26.70
76 6 5 0 22.92
77 7 5 0 35.28
78 8 5 0 21.91
79 9 5 0 22.92
7a 10 5 0 20.91
7b 11 5 0 14.88
7c 12 5 0 11.88
7d 13 5 0 14.88
7e 14 5 0 24.42
b7 15 5 0 24.69
2014 0 6 0 39.33
201c 1 6 0 20.86
201d 2 6 0 20.86
2026 3 6 0 44.00
3002 4 6 0 44.00
300c 5 6 0 44.00
300d 6 6 0 44.00
3010 7 6 0 44.00
3011 8 6 0 44.00
4e00 9 6 0 44.00
4e09 10 6 0 44.00
4e0a 11 6 0 44.00
4e0b 12 6 0 44.00
4e0d 13 6 0 44.00
4e1c 14 6 0 44.00
4e24 15 6 0 44.00
4e2a 0 7 0 44.00
4e3a 1 7 0 44.00
4e48 2 7 0 44.00
4e4b 3 7 0 44.00
4e5f 4 7 0 44.00
4e66 5 7 0 44.00
4e70 6 7 0 44.00
4e86 7 7 0 44.00
4eae 8 7 0 44.00
4eba 9 7 0 44.00
4ec0 10 7 0 44.00
4eca 11 7 0 44.00
4ed6 12 7 0 44.00
4ee5 13 7 0 44.00
4f1a 14 7 0 44.00
4f46 15 7 0 44.00
4f60 0 8 0 44.00
5019 1 8 0 44.00
505c 2 8 0 44.00
50cf 3 8 0 44.00
50da 4 8 0 44.00
513f 5 8 0 44.00
5148 6 8 0 44.00
5149 7 8 0 44.00
5154 8 8 0 44.00
5173 9 8 0 44.00
518d 10 8 0 44.00
51fa 11 8 0 44.00
5220 12 8 0 44.00
522b 13 8 0 44.00
5230 14 8 0 44.00
5236 15 8 0 44.00
524d 0 9 0 44.00
5269 1 9 0 44.00
5319 2 9 0 44.00
5355 3 9 0 44.00
53bb 4 9 0 44.00
53c8 5 9 0 44.00
53cd 6 9 0 44.00
53d8 7 9 0 44.00
53ea 8 9 0 44.00
53eb 9 9 0 44.00
53f0 10 9 0 44.00
540c 11 9 0 44.00
540e 12 9 0 44.00
5427 13 9 0 44.00
54ea 14 9 0 44.00
54ed 15 9 0 44.00
55ef 0 10 0 44.00
56de 1 10 0 44.00
5728 2 10 0 44.00
5730 3 10 0 44.00
573a 4 10 0 44.00
573e 5 10 0 44.00
5783 6 10 0 44.00
5883 7 10 0 44.00
58f0 8 10 0 44.00
5929 9 10 0 44.00
592a 10 10 0 44.00
5934 11 10 0 44.00
5b83 12 10 0 44.00
5b9e 13 10 0 44.00
5bb6 14 10 0 44.00
5bf9 15 10 0 44.00
5c01 0 11 0 44.00
5c31 1 11 0 44.00
5c42 2 11 0 44.00
5df1 3 11 0 44.00
5e72 4 11 0 44.00
5e7b 5 11 0 44.00
5e8a 6 11 0 44.00
5ea6 7 11 0 44.00
5f00 8 11 0 44.00
5f15 9 11 0 44.00
5f80 10 11 0 44.00
5f97 11 11 0 44.00
603b 12 11 0 44.00
60ca 13 11 0 44.00
60f3 14 11 0 44.00
6162 15 11 0 44.00
6211 0 12 0 44.00
6216 1 12 0 44.00
6237 2 12 0 44.00
623f 3 12 0 44.00
627e 4 12 0 44.00
62c6 5 12 0 44.00
6302 6 12 0 44.00
6389 7 12 0 44.00
63a8 8 12 0 44.00
6446 9 12 0 44.00
64ce 10 12 0 44.00
6570 11 12 0 44.00
65b9 12 12 0 44.00
65e9 13 12 0 44.00
65f6 14 12 0 44.00
660e 15 12 0 44.00
6628 0 13 0 44.00
662f 1 13 0 44.00
665a 2 13 0 44.00
666f 3 13 0 44.00
6697 4 13 0 44.00
66ff 5 13 0 44.00
6709 6 13 0 44.00
672a 7 13 0 44.00
6761 8 13 0 44.00
6765 9 13 0 44.00
6795 10 13 0 44.00
6807 11 13 0 44.00
6837 12 13 0 44.00
683c 13 13 0 44.00
68a6 14 13 0 44.00
697c 15 13 0 44.00
6b21 0 14 0 44.00
6b63 1 14 0 44.00
6b7b 2 14 0 44.00
6bcf 3 14 0 44.00
6bd4 4 14 0 44.00
6ca1 5 14 0 44.00
6d4b 6 14 0 44.00
6e05 7 14 0 44.00
6f6e 8 14 0 44.00
706f 9 14 0 44.00
70b9 10 14 0 44.00
71ac 11 14 0 44.00
7248 12 14 0 44.00
72ec 13 14 0 44.00
732b 14 14 0 44.00
73b0 15 14 0 44.00
7684 0 15 0 44.00
76f4 1 15 0 44.00
770b 2 15 0 44.00
773c 3 15 0 44.00
7740 4 15 0 44.00
7761 5 15 0 44.00
77ee 6 15 0 44.00
79d2 7 15 0 44.00
7a7a 8 15 0 44.00
7a97 9 15 0 44.00
7b54 10 15 0 44.00
7b97 11 15 0 44.00
7cfb 12 15 0 44.00
7ee7 13 15 0 44.00
7eed 14 15 0 44.00
7fa4 15 15 0 44.00
8005 0 16 0 44.00
80fd 1 16 0 44.00
811a 2 16 0 44.00
81ea 3 16 0 44.00
865a 4 16 0 44.00
8749 5 16 0 44.00
884c 6 16 0 44.00
8868 7 16 0 44.00
88ab 8 16 0 44.00
897f 9 16 0 44.00
8981 10 16 0 44.00
89c1 11 16 0 44.00
89c9 12 16 0 44.00
8bb0 13 16 0 44.00
8bb8 14 16 0 44.00
8bd5 15 16 0 44.00
8bdd 0 17 0 44.00
8bf4 1 17 0 44.00
8bfb 2 17 0 44.00
8d70 3 17 0 44.00
8ddf 4 17 0 44.00
8f6f 5 17 0 44.00
8fb9 6 17 0 44.00
8fc7 7 17 0 44.00
8fd8 8 17 0 44.00
8fd9 9 17 0 44.00
8fde 10 17 0 44.00
9020 11 17 0 44.00
90a3 12 17 0 44.00
90fd 13 17 0 44.00
9192 14 17 0 44.00
91cc 15 17 0 44.00
94a5 0 18 0 44.00
9501 1 18 0 44.00
9519 2 18 0 44.00
95e8 3 18 0 44.00
95ea 4 18 0 44.00
95ed 5 18 0 44.00
95f4 6 18 0 44.00
9762 7 18 0 44.00
97f3 8 18 0 44.00
ff0c 9 18 0 44.00
ff1f 10 18 0 44.00
